{
 "cells": [
  {
   "cell_type": "code",
   "execution_count": 11,
   "id": "initial_id",
   "metadata": {
    "collapsed": true,
    "ExecuteTime": {
     "end_time": "2024-02-16T18:56:13.174619400Z",
     "start_time": "2024-02-16T18:56:13.036229600Z"
    }
   },
   "outputs": [],
   "source": [
    "#IMPORTS HERE:\n",
    "import pandas as pd\n",
    "import numpy as np\n",
    "import seaborn as sns\n",
    "import matplotlib.pyplot as plt\n",
    "%matplotlib inline\n",
    "import IPython.display as display"
   ]
  },
  {
   "cell_type": "code",
   "execution_count": 12,
   "outputs": [],
   "source": [
    "pd.set_option('display.max_columns', None)\n",
    "\n",
    "column_names = [\"Week\", \"Team\", \"Day\", \"Date\", \"Time\", \"Link\", \"Result\", \"OT\",  \n",
    "        \"Rec\", \"H/A\", \"Opp\", \"Score_Tm\", \"Score_Opp\", \n",
    "        \"Off_1stD\", \"Off_TotYd\", \"Off_PassY\", \"Off_RushY\", \"Off_TO\", \n",
    "        \"Def_1stD\", \"Def_TotYd\", \"Def_PassY\", \"Def_RushY\", \"Def_TO\", \n",
    "        \"Exp_Offense\", \"Exp_Defense\", \"Exp_SpecTms\"]\n",
    "\n",
    "data2 = pd.read_csv('2022data.csv', skiprows=3, names=column_names)\n",
    "\n",
    "data2 = data2[data2['Result'].isin(['W', 'L', 'T'])]\n",
    "\n",
    "data2.drop(columns=['Link', 'Opp'], inplace=True)\n",
    "\n",
    "data2['OT'] = data2['OT'].apply(lambda x: 'Yes' if x == 'OT' else 'No')\n",
    "data2['H/A'] = data2['H/A'].apply(lambda x: 'Away' if x == '@' else 'Home')\n",
    "\n",
    "cols_to_fill = [col for col in data2.columns if col.startswith(('Score', 'Off', 'Def', 'Exp'))]\n",
    "data2[cols_to_fill] = data2[cols_to_fill].fillna(0)\n",
    "\n",
    "data2['Week'] = pd.to_numeric(data2['Week'], errors='coerce')\n",
    "data2 = data2.dropna(subset=['Week'])\n",
    "\n",
    "rec_split = data2['Rec'].str.split('-', expand=True)\n",
    "if len(rec_split.columns) == 2:\n",
    "    rec_split[2] = '0'\n",
    "rec_split.columns = ['Win', 'Loss', 'Tie']\n",
    "data2[['Win', 'Loss', 'Tie']] = rec_split\n",
    "\n",
    "# Replace non-numeric values in 'Win', 'Loss', and 'Tie' columns with 0\n",
    "data2[['Win', 'Loss', 'Tie']] = data2[['Win', 'Loss', 'Tie']].apply(pd.to_numeric, errors='coerce').fillna(0).astype(int)\n",
    "\n",
    "data2 = data2.drop(columns=['Rec'])"
   ],
   "metadata": {
    "collapsed": false,
    "ExecuteTime": {
     "end_time": "2024-02-16T18:56:13.333323Z",
     "start_time": "2024-02-16T18:56:13.250905800Z"
    }
   },
   "id": "4e40d0d1632478c1"
  },
  {
   "cell_type": "code",
   "execution_count": 13,
   "outputs": [
    {
     "data": {
      "text/plain": "     Week     Team  Day    Date       Time Result   OT   H/A Score_Tm  \\\n0     3.0    49ers  Sun  25-Sep  8:20PM ET      L   No  Away       10   \n1     4.0    49ers  Mon   3-Oct  8:15PM ET      W   No  Home       24   \n2     5.0    49ers  Sun   9-Oct  4:05PM ET      W   No  Away       37   \n3     6.0    49ers  Sun  16-Oct  1:00PM ET      L   No  Away       14   \n4     7.0    49ers  Sun  23-Oct  4:25PM ET      L   No  Home       23   \n..    ...      ...  ...     ...        ...    ...  ...   ...      ...   \n607  14.0  vikings  Sun  11-Dec  1:00PM ET      L   No  Away       23   \n608  15.0  vikings  Sat  17-Dec  1:00PM ET      W  Yes  Home       39   \n609  16.0  vikings  Sat  24-Dec  1:00PM ET      W   No  Home       27   \n610  17.0  vikings  Sun   1-Jan  4:25PM ET      L   No  Away       17   \n611  18.0  vikings  Sun   8-Jan  1:00PM ET      W   No  Away       29   \n\n     Score_Opp  Off_1stD  Off_TotYd  Off_PassY  Off_RushY  Off_TO  Def_1stD  \\\n0         11.0      13.0      267.0      179.0       88.0     3.0      14.0   \n1          9.0      13.0      327.0      239.0       88.0     0.0      21.0   \n2         15.0      22.0      397.0      244.0      153.0     1.0      15.0   \n3         28.0      21.0      346.0      296.0       50.0     3.0      18.0   \n4         44.0      25.0      444.0      343.0      101.0     3.0      24.0   \n..         ...       ...        ...        ...        ...     ...       ...   \n607       34.0      23.0      416.0      394.0       22.0     2.0      23.0   \n608       36.0      32.0      518.0      426.0       92.0     3.0      20.0   \n609       24.0      23.0      353.0      270.0       83.0     0.0      23.0   \n610       41.0      18.0      346.0      244.0      102.0     4.0      20.0   \n611       13.0      28.0      482.0      341.0      141.0     2.0      13.0   \n\n     Def_TotYd  Def_PassY  Def_RushY  Def_TO  Exp_Offense  Exp_Defense  \\\n0        261.0      160.0      101.0     0.0       -16.39        13.59   \n1        257.0      200.0       57.0     2.0        10.05        11.56   \n2        308.0      244.0       64.0     1.0        16.04        13.22   \n3        289.0      121.0      168.0     0.0         0.59       -11.56   \n4        529.0      417.0      112.0     2.0         3.59       -30.58   \n..         ...        ...        ...     ...          ...          ...   \n607      464.0      330.0      134.0     0.0         7.96       -19.88   \n608      341.0      170.0      171.0     1.0         4.19        10.70   \n609      445.0      319.0      126.0     2.0         7.38        -6.20   \n610      315.0      152.0      163.0     0.0       -10.20        -9.54   \n611      259.0      141.0      118.0     2.0        16.54         5.75   \n\n     Exp_SpecTms  Win  Loss  Tie  \n0          -1.26    2     0    0  \n1          -7.93    2     0    0  \n2          -7.82    2     0    0  \n3           1.69    3     0    0  \n4           8.50    4     0    0  \n..           ...  ...   ...  ...  \n607         0.55    3     0    0  \n608       -12.83    3     0    0  \n609         3.12    3     0    0  \n610        -4.19    4     0    0  \n611        -5.65   13     4    0  \n\n[540 rows x 26 columns]",
      "text/html": "<div>\n<style scoped>\n    .dataframe tbody tr th:only-of-type {\n        vertical-align: middle;\n    }\n\n    .dataframe tbody tr th {\n        vertical-align: top;\n    }\n\n    .dataframe thead th {\n        text-align: right;\n    }\n</style>\n<table border=\"1\" class=\"dataframe\">\n  <thead>\n    <tr style=\"text-align: right;\">\n      <th></th>\n      <th>Week</th>\n      <th>Team</th>\n      <th>Day</th>\n      <th>Date</th>\n      <th>Time</th>\n      <th>Result</th>\n      <th>OT</th>\n      <th>H/A</th>\n      <th>Score_Tm</th>\n      <th>Score_Opp</th>\n      <th>Off_1stD</th>\n      <th>Off_TotYd</th>\n      <th>Off_PassY</th>\n      <th>Off_RushY</th>\n      <th>Off_TO</th>\n      <th>Def_1stD</th>\n      <th>Def_TotYd</th>\n      <th>Def_PassY</th>\n      <th>Def_RushY</th>\n      <th>Def_TO</th>\n      <th>Exp_Offense</th>\n      <th>Exp_Defense</th>\n      <th>Exp_SpecTms</th>\n      <th>Win</th>\n      <th>Loss</th>\n      <th>Tie</th>\n    </tr>\n  </thead>\n  <tbody>\n    <tr>\n      <th>0</th>\n      <td>3.0</td>\n      <td>49ers</td>\n      <td>Sun</td>\n      <td>25-Sep</td>\n      <td>8:20PM ET</td>\n      <td>L</td>\n      <td>No</td>\n      <td>Away</td>\n      <td>10</td>\n      <td>11.0</td>\n      <td>13.0</td>\n      <td>267.0</td>\n      <td>179.0</td>\n      <td>88.0</td>\n      <td>3.0</td>\n      <td>14.0</td>\n      <td>261.0</td>\n      <td>160.0</td>\n      <td>101.0</td>\n      <td>0.0</td>\n      <td>-16.39</td>\n      <td>13.59</td>\n      <td>-1.26</td>\n      <td>2</td>\n      <td>0</td>\n      <td>0</td>\n    </tr>\n    <tr>\n      <th>1</th>\n      <td>4.0</td>\n      <td>49ers</td>\n      <td>Mon</td>\n      <td>3-Oct</td>\n      <td>8:15PM ET</td>\n      <td>W</td>\n      <td>No</td>\n      <td>Home</td>\n      <td>24</td>\n      <td>9.0</td>\n      <td>13.0</td>\n      <td>327.0</td>\n      <td>239.0</td>\n      <td>88.0</td>\n      <td>0.0</td>\n      <td>21.0</td>\n      <td>257.0</td>\n      <td>200.0</td>\n      <td>57.0</td>\n      <td>2.0</td>\n      <td>10.05</td>\n      <td>11.56</td>\n      <td>-7.93</td>\n      <td>2</td>\n      <td>0</td>\n      <td>0</td>\n    </tr>\n    <tr>\n      <th>2</th>\n      <td>5.0</td>\n      <td>49ers</td>\n      <td>Sun</td>\n      <td>9-Oct</td>\n      <td>4:05PM ET</td>\n      <td>W</td>\n      <td>No</td>\n      <td>Away</td>\n      <td>37</td>\n      <td>15.0</td>\n      <td>22.0</td>\n      <td>397.0</td>\n      <td>244.0</td>\n      <td>153.0</td>\n      <td>1.0</td>\n      <td>15.0</td>\n      <td>308.0</td>\n      <td>244.0</td>\n      <td>64.0</td>\n      <td>1.0</td>\n      <td>16.04</td>\n      <td>13.22</td>\n      <td>-7.82</td>\n      <td>2</td>\n      <td>0</td>\n      <td>0</td>\n    </tr>\n    <tr>\n      <th>3</th>\n      <td>6.0</td>\n      <td>49ers</td>\n      <td>Sun</td>\n      <td>16-Oct</td>\n      <td>1:00PM ET</td>\n      <td>L</td>\n      <td>No</td>\n      <td>Away</td>\n      <td>14</td>\n      <td>28.0</td>\n      <td>21.0</td>\n      <td>346.0</td>\n      <td>296.0</td>\n      <td>50.0</td>\n      <td>3.0</td>\n      <td>18.0</td>\n      <td>289.0</td>\n      <td>121.0</td>\n      <td>168.0</td>\n      <td>0.0</td>\n      <td>0.59</td>\n      <td>-11.56</td>\n      <td>1.69</td>\n      <td>3</td>\n      <td>0</td>\n      <td>0</td>\n    </tr>\n    <tr>\n      <th>4</th>\n      <td>7.0</td>\n      <td>49ers</td>\n      <td>Sun</td>\n      <td>23-Oct</td>\n      <td>4:25PM ET</td>\n      <td>L</td>\n      <td>No</td>\n      <td>Home</td>\n      <td>23</td>\n      <td>44.0</td>\n      <td>25.0</td>\n      <td>444.0</td>\n      <td>343.0</td>\n      <td>101.0</td>\n      <td>3.0</td>\n      <td>24.0</td>\n      <td>529.0</td>\n      <td>417.0</td>\n      <td>112.0</td>\n      <td>2.0</td>\n      <td>3.59</td>\n      <td>-30.58</td>\n      <td>8.50</td>\n      <td>4</td>\n      <td>0</td>\n      <td>0</td>\n    </tr>\n    <tr>\n      <th>...</th>\n      <td>...</td>\n      <td>...</td>\n      <td>...</td>\n      <td>...</td>\n      <td>...</td>\n      <td>...</td>\n      <td>...</td>\n      <td>...</td>\n      <td>...</td>\n      <td>...</td>\n      <td>...</td>\n      <td>...</td>\n      <td>...</td>\n      <td>...</td>\n      <td>...</td>\n      <td>...</td>\n      <td>...</td>\n      <td>...</td>\n      <td>...</td>\n      <td>...</td>\n      <td>...</td>\n      <td>...</td>\n      <td>...</td>\n      <td>...</td>\n      <td>...</td>\n      <td>...</td>\n    </tr>\n    <tr>\n      <th>607</th>\n      <td>14.0</td>\n      <td>vikings</td>\n      <td>Sun</td>\n      <td>11-Dec</td>\n      <td>1:00PM ET</td>\n      <td>L</td>\n      <td>No</td>\n      <td>Away</td>\n      <td>23</td>\n      <td>34.0</td>\n      <td>23.0</td>\n      <td>416.0</td>\n      <td>394.0</td>\n      <td>22.0</td>\n      <td>2.0</td>\n      <td>23.0</td>\n      <td>464.0</td>\n      <td>330.0</td>\n      <td>134.0</td>\n      <td>0.0</td>\n      <td>7.96</td>\n      <td>-19.88</td>\n      <td>0.55</td>\n      <td>3</td>\n      <td>0</td>\n      <td>0</td>\n    </tr>\n    <tr>\n      <th>608</th>\n      <td>15.0</td>\n      <td>vikings</td>\n      <td>Sat</td>\n      <td>17-Dec</td>\n      <td>1:00PM ET</td>\n      <td>W</td>\n      <td>Yes</td>\n      <td>Home</td>\n      <td>39</td>\n      <td>36.0</td>\n      <td>32.0</td>\n      <td>518.0</td>\n      <td>426.0</td>\n      <td>92.0</td>\n      <td>3.0</td>\n      <td>20.0</td>\n      <td>341.0</td>\n      <td>170.0</td>\n      <td>171.0</td>\n      <td>1.0</td>\n      <td>4.19</td>\n      <td>10.70</td>\n      <td>-12.83</td>\n      <td>3</td>\n      <td>0</td>\n      <td>0</td>\n    </tr>\n    <tr>\n      <th>609</th>\n      <td>16.0</td>\n      <td>vikings</td>\n      <td>Sat</td>\n      <td>24-Dec</td>\n      <td>1:00PM ET</td>\n      <td>W</td>\n      <td>No</td>\n      <td>Home</td>\n      <td>27</td>\n      <td>24.0</td>\n      <td>23.0</td>\n      <td>353.0</td>\n      <td>270.0</td>\n      <td>83.0</td>\n      <td>0.0</td>\n      <td>23.0</td>\n      <td>445.0</td>\n      <td>319.0</td>\n      <td>126.0</td>\n      <td>2.0</td>\n      <td>7.38</td>\n      <td>-6.20</td>\n      <td>3.12</td>\n      <td>3</td>\n      <td>0</td>\n      <td>0</td>\n    </tr>\n    <tr>\n      <th>610</th>\n      <td>17.0</td>\n      <td>vikings</td>\n      <td>Sun</td>\n      <td>1-Jan</td>\n      <td>4:25PM ET</td>\n      <td>L</td>\n      <td>No</td>\n      <td>Away</td>\n      <td>17</td>\n      <td>41.0</td>\n      <td>18.0</td>\n      <td>346.0</td>\n      <td>244.0</td>\n      <td>102.0</td>\n      <td>4.0</td>\n      <td>20.0</td>\n      <td>315.0</td>\n      <td>152.0</td>\n      <td>163.0</td>\n      <td>0.0</td>\n      <td>-10.20</td>\n      <td>-9.54</td>\n      <td>-4.19</td>\n      <td>4</td>\n      <td>0</td>\n      <td>0</td>\n    </tr>\n    <tr>\n      <th>611</th>\n      <td>18.0</td>\n      <td>vikings</td>\n      <td>Sun</td>\n      <td>8-Jan</td>\n      <td>1:00PM ET</td>\n      <td>W</td>\n      <td>No</td>\n      <td>Away</td>\n      <td>29</td>\n      <td>13.0</td>\n      <td>28.0</td>\n      <td>482.0</td>\n      <td>341.0</td>\n      <td>141.0</td>\n      <td>2.0</td>\n      <td>13.0</td>\n      <td>259.0</td>\n      <td>141.0</td>\n      <td>118.0</td>\n      <td>2.0</td>\n      <td>16.54</td>\n      <td>5.75</td>\n      <td>-5.65</td>\n      <td>13</td>\n      <td>4</td>\n      <td>0</td>\n    </tr>\n  </tbody>\n</table>\n<p>540 rows × 26 columns</p>\n</div>"
     },
     "execution_count": 13,
     "metadata": {},
     "output_type": "execute_result"
    }
   ],
   "source": [
    "data2"
   ],
   "metadata": {
    "collapsed": false,
    "ExecuteTime": {
     "end_time": "2024-02-16T18:56:13.581887300Z",
     "start_time": "2024-02-16T18:56:13.509503300Z"
    }
   },
   "id": "ee840eb5d626d9d1"
  },
  {
   "cell_type": "code",
   "execution_count": 14,
   "outputs": [
    {
     "data": {
      "text/plain": "                 Week  Score_Opp  Off_1stD  Off_TotYd  Off_PassY  Off_RushY  \\\nWeek         1.000000  -0.005286 -0.070511  -0.057791  -0.092141   0.042915   \nScore_Opp   -0.005286   1.000000  0.091012   0.105883   0.175050  -0.087072   \nOff_1stD    -0.070511   0.091012  1.000000   0.799989   0.564839   0.368795   \nOff_TotYd   -0.057791   0.105883  0.799989   1.000000   0.740710   0.414050   \nOff_PassY   -0.092141   0.175050  0.564839   0.740710   1.000000  -0.304841   \nOff_RushY    0.042915  -0.087072  0.368795   0.414050  -0.304841   1.000000   \nOff_TO       0.031595   0.337260 -0.004920   0.026259   0.142044  -0.155229   \nDef_1stD    -0.077893   0.592268 -0.081070  -0.057045   0.012523  -0.097836   \nDef_TotYd   -0.068275   0.633688 -0.056525  -0.032880   0.034804  -0.093768   \nDef_PassY   -0.094425   0.377828  0.014609   0.038906   0.024178   0.022395   \nDef_RushY    0.031441   0.382727 -0.099502  -0.099020   0.016385  -0.162574   \nDef_TO       0.035964  -0.208390  0.028030   0.017647  -0.076723   0.128968   \nExp_Offense -0.074451  -0.044954  0.696011   0.716029   0.444703   0.412541   \nExp_Defense  0.077227  -0.791515 -0.079992  -0.044384  -0.100036   0.072617   \nExp_SpecTms -0.003971   0.111041 -0.344102  -0.414638  -0.326610  -0.145283   \nWin          0.695503   0.022791 -0.121554  -0.085526  -0.107485   0.024386   \nLoss        -0.034460   0.032927  0.006702  -0.005983   0.034669  -0.055454   \nTie         -0.146948   0.010476 -0.029872  -0.022060   0.004694  -0.037632   \n\n               Off_TO  Def_1stD  Def_TotYd  Def_PassY  Def_RushY    Def_TO  \\\nWeek         0.031595 -0.077893  -0.068275  -0.094425   0.031441  0.035964   \nScore_Opp    0.337260  0.592268   0.633688   0.377828   0.382727 -0.208390   \nOff_1stD    -0.004920 -0.081070  -0.056525   0.014609  -0.099502  0.028030   \nOff_TotYd    0.026259 -0.057045  -0.032880   0.038906  -0.099020  0.017647   \nOff_PassY    0.142044  0.012523   0.034804   0.024178   0.016385 -0.076723   \nOff_RushY   -0.155229 -0.097836  -0.093768   0.022395  -0.162574  0.128968   \nOff_TO       1.000000  0.029974   0.017504  -0.077045   0.128931 -0.095782   \nDef_1stD     0.029974  1.000000   0.798888   0.562125   0.366422 -0.005151   \nDef_TotYd    0.017504  0.798888   1.000000   0.738892   0.410961  0.028925   \nDef_PassY   -0.077045  0.562125   0.738892   1.000000  -0.310637  0.143044   \nDef_RushY    0.128931  0.366422   0.410961  -0.310637   1.000000 -0.152729   \nDef_TO      -0.095782 -0.005151   0.028925   0.143044  -0.152729  1.000000   \nExp_Offense -0.363324  0.078552   0.043403   0.099185  -0.072966  0.069812   \nExp_Defense -0.071645 -0.696424  -0.715691  -0.443917  -0.408990  0.364066   \nExp_SpecTms -0.086774  0.344387   0.413511   0.324550   0.144218  0.087779   \nWin          0.020285 -0.032350  -0.023485  -0.048906   0.033038 -0.026926   \nLoss         0.080474 -0.011672  -0.017479  -0.005368  -0.017394  0.025001   \nTie          0.033445  0.055042   0.053663   0.024988   0.041892 -0.013246   \n\n             Exp_Offense  Exp_Defense  Exp_SpecTms       Win      Loss  \\\nWeek           -0.074451     0.077227    -0.003971  0.695503 -0.034460   \nScore_Opp      -0.044954    -0.791515     0.111041  0.022791  0.032927   \nOff_1stD        0.696011    -0.079992    -0.344102 -0.121554  0.006702   \nOff_TotYd       0.716029    -0.044384    -0.414638 -0.085526 -0.005983   \nOff_PassY       0.444703    -0.100036    -0.326610 -0.107485  0.034669   \nOff_RushY       0.412541     0.072617    -0.145283  0.024386 -0.055454   \nOff_TO         -0.363324    -0.071645    -0.086774  0.020285  0.080474   \nDef_1stD        0.078552    -0.696424     0.344387 -0.032350 -0.011672   \nDef_TotYd       0.043403    -0.715691     0.413511 -0.023485 -0.017479   \nDef_PassY       0.099185    -0.443917     0.324550 -0.048906 -0.005368   \nDef_RushY      -0.072966    -0.408990     0.144218  0.033038 -0.017394   \nDef_TO          0.069812     0.364066     0.087779 -0.026926  0.025001   \nExp_Offense     1.000000    -0.112828    -0.307682 -0.068503 -0.007491   \nExp_Defense    -0.112828     1.000000    -0.307825 -0.029715 -0.001180   \nExp_SpecTms    -0.307682    -0.307825     1.000000  0.017358 -0.006422   \nWin            -0.068503    -0.029715     0.017358  1.000000  0.109666   \nLoss           -0.007491    -0.001180    -0.006422  0.109666  1.000000   \nTie            -0.073981    -0.026123     0.053300 -0.128249  0.225172   \n\n                  Tie  \nWeek        -0.146948  \nScore_Opp    0.010476  \nOff_1stD    -0.029872  \nOff_TotYd   -0.022060  \nOff_PassY    0.004694  \nOff_RushY   -0.037632  \nOff_TO       0.033445  \nDef_1stD     0.055042  \nDef_TotYd    0.053663  \nDef_PassY    0.024988  \nDef_RushY    0.041892  \nDef_TO      -0.013246  \nExp_Offense -0.073981  \nExp_Defense -0.026123  \nExp_SpecTms  0.053300  \nWin         -0.128249  \nLoss         0.225172  \nTie          1.000000  ",
      "text/html": "<div>\n<style scoped>\n    .dataframe tbody tr th:only-of-type {\n        vertical-align: middle;\n    }\n\n    .dataframe tbody tr th {\n        vertical-align: top;\n    }\n\n    .dataframe thead th {\n        text-align: right;\n    }\n</style>\n<table border=\"1\" class=\"dataframe\">\n  <thead>\n    <tr style=\"text-align: right;\">\n      <th></th>\n      <th>Week</th>\n      <th>Score_Opp</th>\n      <th>Off_1stD</th>\n      <th>Off_TotYd</th>\n      <th>Off_PassY</th>\n      <th>Off_RushY</th>\n      <th>Off_TO</th>\n      <th>Def_1stD</th>\n      <th>Def_TotYd</th>\n      <th>Def_PassY</th>\n      <th>Def_RushY</th>\n      <th>Def_TO</th>\n      <th>Exp_Offense</th>\n      <th>Exp_Defense</th>\n      <th>Exp_SpecTms</th>\n      <th>Win</th>\n      <th>Loss</th>\n      <th>Tie</th>\n    </tr>\n  </thead>\n  <tbody>\n    <tr>\n      <th>Week</th>\n      <td>1.000000</td>\n      <td>-0.005286</td>\n      <td>-0.070511</td>\n      <td>-0.057791</td>\n      <td>-0.092141</td>\n      <td>0.042915</td>\n      <td>0.031595</td>\n      <td>-0.077893</td>\n      <td>-0.068275</td>\n      <td>-0.094425</td>\n      <td>0.031441</td>\n      <td>0.035964</td>\n      <td>-0.074451</td>\n      <td>0.077227</td>\n      <td>-0.003971</td>\n      <td>0.695503</td>\n      <td>-0.034460</td>\n      <td>-0.146948</td>\n    </tr>\n    <tr>\n      <th>Score_Opp</th>\n      <td>-0.005286</td>\n      <td>1.000000</td>\n      <td>0.091012</td>\n      <td>0.105883</td>\n      <td>0.175050</td>\n      <td>-0.087072</td>\n      <td>0.337260</td>\n      <td>0.592268</td>\n      <td>0.633688</td>\n      <td>0.377828</td>\n      <td>0.382727</td>\n      <td>-0.208390</td>\n      <td>-0.044954</td>\n      <td>-0.791515</td>\n      <td>0.111041</td>\n      <td>0.022791</td>\n      <td>0.032927</td>\n      <td>0.010476</td>\n    </tr>\n    <tr>\n      <th>Off_1stD</th>\n      <td>-0.070511</td>\n      <td>0.091012</td>\n      <td>1.000000</td>\n      <td>0.799989</td>\n      <td>0.564839</td>\n      <td>0.368795</td>\n      <td>-0.004920</td>\n      <td>-0.081070</td>\n      <td>-0.056525</td>\n      <td>0.014609</td>\n      <td>-0.099502</td>\n      <td>0.028030</td>\n      <td>0.696011</td>\n      <td>-0.079992</td>\n      <td>-0.344102</td>\n      <td>-0.121554</td>\n      <td>0.006702</td>\n      <td>-0.029872</td>\n    </tr>\n    <tr>\n      <th>Off_TotYd</th>\n      <td>-0.057791</td>\n      <td>0.105883</td>\n      <td>0.799989</td>\n      <td>1.000000</td>\n      <td>0.740710</td>\n      <td>0.414050</td>\n      <td>0.026259</td>\n      <td>-0.057045</td>\n      <td>-0.032880</td>\n      <td>0.038906</td>\n      <td>-0.099020</td>\n      <td>0.017647</td>\n      <td>0.716029</td>\n      <td>-0.044384</td>\n      <td>-0.414638</td>\n      <td>-0.085526</td>\n      <td>-0.005983</td>\n      <td>-0.022060</td>\n    </tr>\n    <tr>\n      <th>Off_PassY</th>\n      <td>-0.092141</td>\n      <td>0.175050</td>\n      <td>0.564839</td>\n      <td>0.740710</td>\n      <td>1.000000</td>\n      <td>-0.304841</td>\n      <td>0.142044</td>\n      <td>0.012523</td>\n      <td>0.034804</td>\n      <td>0.024178</td>\n      <td>0.016385</td>\n      <td>-0.076723</td>\n      <td>0.444703</td>\n      <td>-0.100036</td>\n      <td>-0.326610</td>\n      <td>-0.107485</td>\n      <td>0.034669</td>\n      <td>0.004694</td>\n    </tr>\n    <tr>\n      <th>Off_RushY</th>\n      <td>0.042915</td>\n      <td>-0.087072</td>\n      <td>0.368795</td>\n      <td>0.414050</td>\n      <td>-0.304841</td>\n      <td>1.000000</td>\n      <td>-0.155229</td>\n      <td>-0.097836</td>\n      <td>-0.093768</td>\n      <td>0.022395</td>\n      <td>-0.162574</td>\n      <td>0.128968</td>\n      <td>0.412541</td>\n      <td>0.072617</td>\n      <td>-0.145283</td>\n      <td>0.024386</td>\n      <td>-0.055454</td>\n      <td>-0.037632</td>\n    </tr>\n    <tr>\n      <th>Off_TO</th>\n      <td>0.031595</td>\n      <td>0.337260</td>\n      <td>-0.004920</td>\n      <td>0.026259</td>\n      <td>0.142044</td>\n      <td>-0.155229</td>\n      <td>1.000000</td>\n      <td>0.029974</td>\n      <td>0.017504</td>\n      <td>-0.077045</td>\n      <td>0.128931</td>\n      <td>-0.095782</td>\n      <td>-0.363324</td>\n      <td>-0.071645</td>\n      <td>-0.086774</td>\n      <td>0.020285</td>\n      <td>0.080474</td>\n      <td>0.033445</td>\n    </tr>\n    <tr>\n      <th>Def_1stD</th>\n      <td>-0.077893</td>\n      <td>0.592268</td>\n      <td>-0.081070</td>\n      <td>-0.057045</td>\n      <td>0.012523</td>\n      <td>-0.097836</td>\n      <td>0.029974</td>\n      <td>1.000000</td>\n      <td>0.798888</td>\n      <td>0.562125</td>\n      <td>0.366422</td>\n      <td>-0.005151</td>\n      <td>0.078552</td>\n      <td>-0.696424</td>\n      <td>0.344387</td>\n      <td>-0.032350</td>\n      <td>-0.011672</td>\n      <td>0.055042</td>\n    </tr>\n    <tr>\n      <th>Def_TotYd</th>\n      <td>-0.068275</td>\n      <td>0.633688</td>\n      <td>-0.056525</td>\n      <td>-0.032880</td>\n      <td>0.034804</td>\n      <td>-0.093768</td>\n      <td>0.017504</td>\n      <td>0.798888</td>\n      <td>1.000000</td>\n      <td>0.738892</td>\n      <td>0.410961</td>\n      <td>0.028925</td>\n      <td>0.043403</td>\n      <td>-0.715691</td>\n      <td>0.413511</td>\n      <td>-0.023485</td>\n      <td>-0.017479</td>\n      <td>0.053663</td>\n    </tr>\n    <tr>\n      <th>Def_PassY</th>\n      <td>-0.094425</td>\n      <td>0.377828</td>\n      <td>0.014609</td>\n      <td>0.038906</td>\n      <td>0.024178</td>\n      <td>0.022395</td>\n      <td>-0.077045</td>\n      <td>0.562125</td>\n      <td>0.738892</td>\n      <td>1.000000</td>\n      <td>-0.310637</td>\n      <td>0.143044</td>\n      <td>0.099185</td>\n      <td>-0.443917</td>\n      <td>0.324550</td>\n      <td>-0.048906</td>\n      <td>-0.005368</td>\n      <td>0.024988</td>\n    </tr>\n    <tr>\n      <th>Def_RushY</th>\n      <td>0.031441</td>\n      <td>0.382727</td>\n      <td>-0.099502</td>\n      <td>-0.099020</td>\n      <td>0.016385</td>\n      <td>-0.162574</td>\n      <td>0.128931</td>\n      <td>0.366422</td>\n      <td>0.410961</td>\n      <td>-0.310637</td>\n      <td>1.000000</td>\n      <td>-0.152729</td>\n      <td>-0.072966</td>\n      <td>-0.408990</td>\n      <td>0.144218</td>\n      <td>0.033038</td>\n      <td>-0.017394</td>\n      <td>0.041892</td>\n    </tr>\n    <tr>\n      <th>Def_TO</th>\n      <td>0.035964</td>\n      <td>-0.208390</td>\n      <td>0.028030</td>\n      <td>0.017647</td>\n      <td>-0.076723</td>\n      <td>0.128968</td>\n      <td>-0.095782</td>\n      <td>-0.005151</td>\n      <td>0.028925</td>\n      <td>0.143044</td>\n      <td>-0.152729</td>\n      <td>1.000000</td>\n      <td>0.069812</td>\n      <td>0.364066</td>\n      <td>0.087779</td>\n      <td>-0.026926</td>\n      <td>0.025001</td>\n      <td>-0.013246</td>\n    </tr>\n    <tr>\n      <th>Exp_Offense</th>\n      <td>-0.074451</td>\n      <td>-0.044954</td>\n      <td>0.696011</td>\n      <td>0.716029</td>\n      <td>0.444703</td>\n      <td>0.412541</td>\n      <td>-0.363324</td>\n      <td>0.078552</td>\n      <td>0.043403</td>\n      <td>0.099185</td>\n      <td>-0.072966</td>\n      <td>0.069812</td>\n      <td>1.000000</td>\n      <td>-0.112828</td>\n      <td>-0.307682</td>\n      <td>-0.068503</td>\n      <td>-0.007491</td>\n      <td>-0.073981</td>\n    </tr>\n    <tr>\n      <th>Exp_Defense</th>\n      <td>0.077227</td>\n      <td>-0.791515</td>\n      <td>-0.079992</td>\n      <td>-0.044384</td>\n      <td>-0.100036</td>\n      <td>0.072617</td>\n      <td>-0.071645</td>\n      <td>-0.696424</td>\n      <td>-0.715691</td>\n      <td>-0.443917</td>\n      <td>-0.408990</td>\n      <td>0.364066</td>\n      <td>-0.112828</td>\n      <td>1.000000</td>\n      <td>-0.307825</td>\n      <td>-0.029715</td>\n      <td>-0.001180</td>\n      <td>-0.026123</td>\n    </tr>\n    <tr>\n      <th>Exp_SpecTms</th>\n      <td>-0.003971</td>\n      <td>0.111041</td>\n      <td>-0.344102</td>\n      <td>-0.414638</td>\n      <td>-0.326610</td>\n      <td>-0.145283</td>\n      <td>-0.086774</td>\n      <td>0.344387</td>\n      <td>0.413511</td>\n      <td>0.324550</td>\n      <td>0.144218</td>\n      <td>0.087779</td>\n      <td>-0.307682</td>\n      <td>-0.307825</td>\n      <td>1.000000</td>\n      <td>0.017358</td>\n      <td>-0.006422</td>\n      <td>0.053300</td>\n    </tr>\n    <tr>\n      <th>Win</th>\n      <td>0.695503</td>\n      <td>0.022791</td>\n      <td>-0.121554</td>\n      <td>-0.085526</td>\n      <td>-0.107485</td>\n      <td>0.024386</td>\n      <td>0.020285</td>\n      <td>-0.032350</td>\n      <td>-0.023485</td>\n      <td>-0.048906</td>\n      <td>0.033038</td>\n      <td>-0.026926</td>\n      <td>-0.068503</td>\n      <td>-0.029715</td>\n      <td>0.017358</td>\n      <td>1.000000</td>\n      <td>0.109666</td>\n      <td>-0.128249</td>\n    </tr>\n    <tr>\n      <th>Loss</th>\n      <td>-0.034460</td>\n      <td>0.032927</td>\n      <td>0.006702</td>\n      <td>-0.005983</td>\n      <td>0.034669</td>\n      <td>-0.055454</td>\n      <td>0.080474</td>\n      <td>-0.011672</td>\n      <td>-0.017479</td>\n      <td>-0.005368</td>\n      <td>-0.017394</td>\n      <td>0.025001</td>\n      <td>-0.007491</td>\n      <td>-0.001180</td>\n      <td>-0.006422</td>\n      <td>0.109666</td>\n      <td>1.000000</td>\n      <td>0.225172</td>\n    </tr>\n    <tr>\n      <th>Tie</th>\n      <td>-0.146948</td>\n      <td>0.010476</td>\n      <td>-0.029872</td>\n      <td>-0.022060</td>\n      <td>0.004694</td>\n      <td>-0.037632</td>\n      <td>0.033445</td>\n      <td>0.055042</td>\n      <td>0.053663</td>\n      <td>0.024988</td>\n      <td>0.041892</td>\n      <td>-0.013246</td>\n      <td>-0.073981</td>\n      <td>-0.026123</td>\n      <td>0.053300</td>\n      <td>-0.128249</td>\n      <td>0.225172</td>\n      <td>1.000000</td>\n    </tr>\n  </tbody>\n</table>\n</div>"
     },
     "execution_count": 14,
     "metadata": {},
     "output_type": "execute_result"
    }
   ],
   "source": [
    "corr2 = data2.corr()\n",
    "corr2"
   ],
   "metadata": {
    "collapsed": false,
    "ExecuteTime": {
     "end_time": "2024-02-16T18:56:13.952486300Z",
     "start_time": "2024-02-16T18:56:13.790981200Z"
    }
   },
   "id": "11ef81432042ffe3"
  },
  {
   "cell_type": "code",
   "execution_count": 15,
   "outputs": [
    {
     "data": {
      "text/plain": "<Figure size 1200x1000 with 2 Axes>",
