{
 "cells": [
  {
   "cell_type": "code",
   "execution_count": 15,
   "id": "initial_id",
   "metadata": {
    "collapsed": true,
    "ExecuteTime": {
     "end_time": "2024-02-16T19:11:28.333277700Z",
     "start_time": "2024-02-16T19:11:28.300784900Z"
    }
   },
   "outputs": [],
   "source": [
    "#IMPORTS HERE:\n",
    "import pandas as pd\n",
    "import numpy as np\n",
    "import seaborn as sns\n",
    "import matplotlib.pyplot as plt\n",
    "%matplotlib inline\n",
    "import IPython.display as display"
   ]
  },
  {
   "cell_type": "code",
   "execution_count": 16,
   "outputs": [],
   "source": [
    "pd.set_option('display.max_columns', None)\n",
    "\n",
    "column_names = [\"Week\", \"Team\", \"Day\", \"Date\", \"Time\", \"Link\", \"Result\", \"OT\",  \n",
    "        \"Rec\", \"H/A\", \"Opp\", \"Score_Tm\", \"Score_Opp\", \n",
    "        \"Off_1stD\", \"Off_TotYd\", \"Off_PassY\", \"Off_RushY\", \"Off_TO\", \n",
    "        \"Def_1stD\", \"Def_TotYd\", \"Def_PassY\", \"Def_RushY\", \"Def_TO\", \n",
    "        \"Exp_Offense\", \"Exp_Defense\", \"Exp_SpecTms\"]\n",
    "\n",
    "data3 = pd.read_csv('2023data.csv', skiprows=3, names=column_names)\n",
    "\n",
    "data3 = data3[data3['Result'].isin(['W', 'L', 'T'])]\n",
    "\n",
    "data3.drop(columns=['Link', 'Opp'], inplace=True)\n",
    "\n",
    "data3['OT'] = data3['OT'].apply(lambda x: 'Yes' if x == 'OT' else 'No')\n",
    "data3['H/A'] = data3['H/A'].apply(lambda x: 'Away' if x == '@' else 'Home')\n",
    "\n",
    "cols_to_fill = [col for col in data3.columns if col.startswith(('Score', 'Off', 'Def', 'Exp'))]\n",
    "data3[cols_to_fill] = data3[cols_to_fill].fillna(0)\n",
    "\n",
    "data3['Week'] = pd.to_numeric(data3['Week'], errors='coerce')\n",
    "data2 = data3.dropna(subset=['Week'])\n",
    "\n",
    "rec_split = data3['Rec'].str.split('-', expand=True)\n",
    "if len(rec_split.columns) == 2:\n",
    "    rec_split[2] = '0'\n",
    "rec_split.columns = ['Win', 'Loss', 'Tie']\n",
    "data3[['Win', 'Loss', 'Tie']] = rec_split\n",
    "\n",
    "# Replace non-numeric values in 'Win', 'Loss', and 'Tie' columns with 0\n",
    "data3[['Win', 'Loss', 'Tie']] = data3[['Win', 'Loss', 'Tie']].apply(pd.to_numeric, errors='coerce').fillna(0).astype(int)\n",
    "\n",
    "data3 = data3.drop(columns=['Rec'])"
   ],
   "metadata": {
    "collapsed": false,
    "ExecuteTime": {
     "end_time": "2024-02-16T19:11:28.652596800Z",
     "start_time": "2024-02-16T19:11:28.599449400Z"
    }
   },
   "id": "4e40d0d1632478c1"
  },
  {
   "cell_type": "code",
   "execution_count": 17,
   "outputs": [
    {
     "data": {
      "text/plain": "     Week     Team  Day    Date       Time Result   OT   H/A  Score_Tm  \\\n0     3.0    49ers  Thu  21-Sep  8:15PM ET      W   No  Home      30.0   \n1     4.0    49ers  Sun   1-Oct  4:25PM ET      W   No  Home      35.0   \n2     5.0    49ers  Sun   8-Oct  8:20PM ET      W   No  Home      42.0   \n3     6.0    49ers  Sun  15-Oct  1:00PM ET      L   No  Away      17.0   \n4     7.0    49ers  Mon  23-Oct  8:15PM ET      L   No  Away      17.0   \n..    ...      ...  ...     ...        ...    ...  ...   ...       ...   \n609  14.0  vikings  Sun  10-Dec  4:05PM ET      W   No  Away       3.0   \n610  15.0  vikings  Sat  16-Dec  1:00PM ET      L  Yes  Away      24.0   \n611  16.0  vikings  Sun  24-Dec  1:00PM ET      L   No  Home      24.0   \n612  17.0  vikings  Sun  31-Dec  8:20PM ET      L   No  Home      10.0   \n613  18.0  vikings  Sun   7-Jan  1:00PM ET      L   No  Away      20.0   \n\n     Score_Opp  Off_1stD  Off_TotYd  Off_PassY  Off_RushY  Off_TO  Def_1stD  \\\n0         12.0      26.0      441.0      300.0      141.0     0.0      10.0   \n1         16.0      30.0      395.0      271.0      124.0     0.0      23.0   \n2         10.0      25.0      421.0      251.0      170.0     1.0       8.0   \n3         19.0      15.0      215.0      107.0      108.0     1.0      18.0   \n4         22.0      19.0      325.0      260.0       65.0     3.0      24.0   \n..         ...       ...        ...        ...        ...     ...       ...   \n609        0.0      16.0      231.0       99.0      132.0     0.0       8.0   \n610       27.0      24.0      424.0      281.0      143.0     2.0      22.0   \n611       30.0      19.0      390.0      373.0       17.0     4.0      28.0   \n612       33.0      13.0      211.0      144.0       67.0     2.0      28.0   \n613       30.0      24.0      448.0      359.0       89.0     2.0      19.0   \n\n     Def_TotYd  Def_PassY  Def_RushY  Def_TO  Exp_Offense  Exp_Defense  \\\n0        150.0      121.0       29.0     1.0        19.00        11.82   \n1        362.0      257.0      105.0     0.0        30.46        -9.72   \n2        197.0      140.0       57.0     4.0        12.84        23.12   \n3        334.0      174.0      160.0     2.0        -6.05        11.32   \n4        452.0      378.0       74.0     1.0         5.43       -16.30   \n..         ...        ...        ...     ...          ...          ...   \n609      202.0      146.0       56.0     3.0       -10.05        20.46   \n610      378.0      298.0       80.0     1.0         8.62        -9.29   \n611      389.0      246.0      143.0     1.0        11.43       -15.44   \n612      470.0      293.0      177.0     1.0       -14.27       -22.54   \n613      381.0      311.0       70.0     0.0         4.55       -17.81   \n\n     Exp_SpecTms  Win  Loss  Tie  \n0          -9.72    0     0    0  \n1          -1.63    0     0    0  \n2          -5.21    0     0    0  \n3          -7.34    1     0    0  \n4           6.07    2     0    0  \n..           ...  ...   ...  ...  \n609        -6.43    6     0    0  \n610        -1.35    7     0    0  \n611        -0.61    8     0    0  \n612        12.19    9     0    0  \n613        -1.13   10     0    0  \n\n[568 rows x 26 columns]",
      "text/html": "<div>\n<style scoped>\n    .dataframe tbody tr th:only-of-type {\n        vertical-align: middle;\n    }\n\n    .dataframe tbody tr th {\n        vertical-align: top;\n    }\n\n    .dataframe thead th {\n        text-align: right;\n    }\n</style>\n<table border=\"1\" class=\"dataframe\">\n  <thead>\n    <tr style=\"text-align: right;\">\n      <th></th>\n      <th>Week</th>\n      <th>Team</th>\n      <th>Day</th>\n      <th>Date</th>\n      <th>Time</th>\n      <th>Result</th>\n      <th>OT</th>\n      <th>H/A</th>\n      <th>Score_Tm</th>\n      <th>Score_Opp</th>\n      <th>Off_1stD</th>\n      <th>Off_TotYd</th>\n      <th>Off_PassY</th>\n      <th>Off_RushY</th>\n      <th>Off_TO</th>\n      <th>Def_1stD</th>\n      <th>Def_TotYd</th>\n      <th>Def_PassY</th>\n      <th>Def_RushY</th>\n      <th>Def_TO</th>\n      <th>Exp_Offense</th>\n      <th>Exp_Defense</th>\n      <th>Exp_SpecTms</th>\n      <th>Win</th>\n      <th>Loss</th>\n      <th>Tie</th>\n    </tr>\n  </thead>\n  <tbody>\n    <tr>\n      <th>0</th>\n      <td>3.0</td>\n      <td>49ers</td>\n      <td>Thu</td>\n      <td>21-Sep</td>\n      <td>8:15PM ET</td>\n      <td>W</td>\n      <td>No</td>\n      <td>Home</td>\n      <td>30.0</td>\n      <td>12.0</td>\n      <td>26.0</td>\n      <td>441.0</td>\n      <td>300.0</td>\n      <td>141.0</td>\n      <td>0.0</td>\n      <td>10.0</td>\n      <td>150.0</td>\n      <td>121.0</td>\n      <td>29.0</td>\n      <td>1.0</td>\n      <td>19.00</td>\n      <td>11.82</td>\n      <td>-9.72</td>\n      <td>0</td>\n      <td>0</td>\n      <td>0</td>\n    </tr>\n    <tr>\n      <th>1</th>\n      <td>4.0</td>\n      <td>49ers</td>\n      <td>Sun</td>\n      <td>1-Oct</td>\n      <td>4:25PM ET</td>\n      <td>W</td>\n      <td>No</td>\n      <td>Home</td>\n      <td>35.0</td>\n      <td>16.0</td>\n      <td>30.0</td>\n      <td>395.0</td>\n      <td>271.0</td>\n      <td>124.0</td>\n      <td>0.0</td>\n      <td>23.0</td>\n      <td>362.0</td>\n      <td>257.0</td>\n      <td>105.0</td>\n      <td>0.0</td>\n      <td>30.46</td>\n      <td>-9.72</td>\n      <td>-1.63</td>\n      <td>0</td>\n      <td>0</td>\n      <td>0</td>\n    </tr>\n    <tr>\n      <th>2</th>\n      <td>5.0</td>\n      <td>49ers</td>\n      <td>Sun</td>\n      <td>8-Oct</td>\n      <td>8:20PM ET</td>\n      <td>W</td>\n      <td>No</td>\n      <td>Home</td>\n      <td>42.0</td>\n      <td>10.0</td>\n      <td>25.0</td>\n      <td>421.0</td>\n      <td>251.0</td>\n      <td>170.0</td>\n      <td>1.0</td>\n      <td>8.0</td>\n      <td>197.0</td>\n      <td>140.0</td>\n      <td>57.0</td>\n      <td>4.0</td>\n      <td>12.84</td>\n      <td>23.12</td>\n      <td>-5.21</td>\n      <td>0</td>\n      <td>0</td>\n      <td>0</td>\n    </tr>\n    <tr>\n      <th>3</th>\n      <td>6.0</td>\n      <td>49ers</td>\n      <td>Sun</td>\n      <td>15-Oct</td>\n      <td>1:00PM ET</td>\n      <td>L</td>\n      <td>No</td>\n      <td>Away</td>\n      <td>17.0</td>\n      <td>19.0</td>\n      <td>15.0</td>\n      <td>215.0</td>\n      <td>107.0</td>\n      <td>108.0</td>\n      <td>1.0</td>\n      <td>18.0</td>\n      <td>334.0</td>\n      <td>174.0</td>\n      <td>160.0</td>\n      <td>2.0</td>\n      <td>-6.05</td>\n      <td>11.32</td>\n      <td>-7.34</td>\n      <td>1</td>\n      <td>0</td>\n      <td>0</td>\n    </tr>\n    <tr>\n      <th>4</th>\n      <td>7.0</td>\n      <td>49ers</td>\n      <td>Mon</td>\n      <td>23-Oct</td>\n      <td>8:15PM ET</td>\n      <td>L</td>\n      <td>No</td>\n      <td>Away</td>\n      <td>17.0</td>\n      <td>22.0</td>\n      <td>19.0</td>\n      <td>325.0</td>\n      <td>260.0</td>\n      <td>65.0</td>\n      <td>3.0</td>\n      <td>24.0</td>\n      <td>452.0</td>\n      <td>378.0</td>\n      <td>74.0</td>\n      <td>1.0</td>\n      <td>5.43</td>\n      <td>-16.30</td>\n      <td>6.07</td>\n      <td>2</td>\n      <td>0</td>\n      <td>0</td>\n    </tr>\n    <tr>\n      <th>...</th>\n      <td>...</td>\n      <td>...</td>\n      <td>...</td>\n      <td>...</td>\n      <td>...</td>\n      <td>...</td>\n      <td>...</td>\n      <td>...</td>\n      <td>...</td>\n      <td>...</td>\n      <td>...</td>\n      <td>...</td>\n      <td>...</td>\n      <td>...</td>\n      <td>...</td>\n      <td>...</td>\n      <td>...</td>\n      <td>...</td>\n      <td>...</td>\n      <td>...</td>\n      <td>...</td>\n      <td>...</td>\n      <td>...</td>\n      <td>...</td>\n      <td>...</td>\n      <td>...</td>\n    </tr>\n    <tr>\n      <th>609</th>\n      <td>14.0</td>\n      <td>vikings</td>\n      <td>Sun</td>\n      <td>10-Dec</td>\n      <td>4:05PM ET</td>\n      <td>W</td>\n      <td>No</td>\n      <td>Away</td>\n      <td>3.0</td>\n      <td>0.0</td>\n      <td>16.0</td>\n      <td>231.0</td>\n      <td>99.0</td>\n      <td>132.0</td>\n      <td>0.0</td>\n      <td>8.0</td>\n      <td>202.0</td>\n      <td>146.0</td>\n      <td>56.0</td>\n      <td>3.0</td>\n      <td>-10.05</td>\n      <td>20.46</td>\n      <td>-6.43</td>\n      <td>6</td>\n      <td>0</td>\n      <td>0</td>\n    </tr>\n    <tr>\n      <th>610</th>\n      <td>15.0</td>\n      <td>vikings</td>\n      <td>Sat</td>\n      <td>16-Dec</td>\n      <td>1:00PM ET</td>\n      <td>L</td>\n      <td>Yes</td>\n      <td>Away</td>\n      <td>24.0</td>\n      <td>27.0</td>\n      <td>24.0</td>\n      <td>424.0</td>\n      <td>281.0</td>\n      <td>143.0</td>\n      <td>2.0</td>\n      <td>22.0</td>\n      <td>378.0</td>\n      <td>298.0</td>\n      <td>80.0</td>\n      <td>1.0</td>\n      <td>8.62</td>\n      <td>-9.29</td>\n      <td>-1.35</td>\n      <td>7</td>\n      <td>0</td>\n      <td>0</td>\n    </tr>\n    <tr>\n      <th>611</th>\n      <td>16.0</td>\n      <td>vikings</td>\n      <td>Sun</td>\n      <td>24-Dec</td>\n      <td>1:00PM ET</td>\n      <td>L</td>\n      <td>No</td>\n      <td>Home</td>\n      <td>24.0</td>\n      <td>30.0</td>\n      <td>19.0</td>\n      <td>390.0</td>\n      <td>373.0</td>\n      <td>17.0</td>\n      <td>4.0</td>\n      <td>28.0</td>\n      <td>389.0</td>\n      <td>246.0</td>\n      <td>143.0</td>\n      <td>1.0</td>\n      <td>11.43</td>\n      <td>-15.44</td>\n      <td>-0.61</td>\n      <td>8</td>\n      <td>0</td>\n      <td>0</td>\n    </tr>\n    <tr>\n      <th>612</th>\n      <td>17.0</td>\n      <td>vikings</td>\n      <td>Sun</td>\n      <td>31-Dec</td>\n      <td>8:20PM ET</td>\n      <td>L</td>\n      <td>No</td>\n      <td>Home</td>\n      <td>10.0</td>\n      <td>33.0</td>\n      <td>13.0</td>\n      <td>211.0</td>\n      <td>144.0</td>\n      <td>67.0</td>\n      <td>2.0</td>\n      <td>28.0</td>\n      <td>470.0</td>\n      <td>293.0</td>\n      <td>177.0</td>\n      <td>1.0</td>\n      <td>-14.27</td>\n      <td>-22.54</td>\n      <td>12.19</td>\n      <td>9</td>\n      <td>0</td>\n      <td>0</td>\n    </tr>\n    <tr>\n      <th>613</th>\n      <td>18.0</td>\n      <td>vikings</td>\n      <td>Sun</td>\n      <td>7-Jan</td>\n      <td>1:00PM ET</td>\n      <td>L</td>\n      <td>No</td>\n      <td>Away</td>\n      <td>20.0</td>\n      <td>30.0</td>\n      <td>24.0</td>\n      <td>448.0</td>\n      <td>359.0</td>\n      <td>89.0</td>\n      <td>2.0</td>\n      <td>19.0</td>\n      <td>381.0</td>\n      <td>311.0</td>\n      <td>70.0</td>\n      <td>0.0</td>\n      <td>4.55</td>\n      <td>-17.81</td>\n      <td>-1.13</td>\n      <td>10</td>\n      <td>0</td>\n      <td>0</td>\n    </tr>\n  </tbody>\n</table>\n<p>568 rows × 26 columns</p>\n</div>"
     },
     "execution_count": 17,
     "metadata": {},
     "output_type": "execute_result"
    }
   ],
   "source": [
    "data3"
   ],
   "metadata": {
    "collapsed": false,
    "ExecuteTime": {
     "end_time": "2024-02-16T19:11:29.171624900Z",
     "start_time": "2024-02-16T19:11:29.100230500Z"
    }
   },
   "id": "ee840eb5d626d9d1"
  },
  {
   "cell_type": "code",
   "execution_count": 18,
   "outputs": [
    {
     "data": {
      "text/plain": "                 Week  Score_Tm  Score_Opp  Off_1stD  Off_TotYd  Off_PassY  \\\nWeek         1.000000 -0.003201  -0.011901 -0.052493   0.006127  -0.019304   \nScore_Tm    -0.003201  1.000000  -0.068210  0.607465   0.678739   0.513896   \nScore_Opp   -0.011901 -0.068210   1.000000  0.014542  -0.008747   0.103465   \nOff_1stD    -0.052493  0.607465   0.014542  1.000000   0.793689   0.614931   \nOff_TotYd    0.006127  0.678739  -0.008747  0.793689   1.000000   0.827127   \nOff_PassY   -0.019304  0.513896   0.103465  0.614931   0.827127   1.000000   \nOff_RushY    0.040891  0.408413  -0.175641  0.455910   0.493396  -0.080741   \nOff_TO      -0.018880 -0.316365   0.303067 -0.105559  -0.056276   0.007599   \nDef_1stD    -0.053171  0.011983   0.608404 -0.099832  -0.089381   0.059358   \nDef_TotYd    0.001501 -0.009757   0.678372 -0.088406  -0.045938   0.089814   \nDef_PassY   -0.016322  0.103017   0.513193  0.058675   0.089746   0.166622   \nDef_RushY    0.027965 -0.176437   0.408205 -0.247179  -0.219992  -0.098412   \nDef_TO      -0.011966  0.301536  -0.317035 -0.029179   0.017993  -0.054450   \nExp_Offense  0.025069  0.798461  -0.145125  0.712444   0.740967   0.592992   \nExp_Defense -0.017433  0.144943  -0.798232 -0.099961  -0.034543  -0.152159   \nExp_SpecTms -0.001813 -0.159050   0.159740 -0.325314  -0.348865  -0.255422   \nWin          0.821530 -0.147436   0.038434 -0.160845  -0.118708  -0.135502   \nLoss        -0.222133  0.024728   0.128947  0.090246   0.041877   0.048672   \nTie               NaN       NaN        NaN       NaN        NaN        NaN   \n\n             Off_RushY    Off_TO  Def_1stD  Def_TotYd  Def_PassY  Def_RushY  \\\nWeek          0.040891 -0.018880 -0.053171   0.001501  -0.016322   0.027965   \nScore_Tm      0.408413 -0.316365  0.011983  -0.009757   0.103017  -0.176437   \nScore_Opp    -0.175641  0.303067  0.608404   0.678372   0.513193   0.408205   \nOff_1stD      0.455910 -0.105559 -0.099832  -0.088406   0.058675  -0.247179   \nOff_TotYd     0.493396 -0.056276 -0.089381  -0.045938   0.089746  -0.219992   \nOff_PassY    -0.080741  0.007599  0.059358   0.089814   0.166622  -0.098412   \nOff_RushY     1.000000 -0.111566 -0.250382  -0.220472  -0.098709  -0.237849   \nOff_TO       -0.111566  1.000000 -0.025374   0.019748  -0.053086   0.116981   \nDef_1stD     -0.250382 -0.025374  1.000000   0.794051   0.613395   0.458207   \nDef_TotYd    -0.220472  0.019748  0.794051   1.000000   0.826516   0.493578   \nDef_PassY    -0.098709 -0.053086  0.613395   0.826516   1.000000  -0.081617   \nDef_RushY    -0.237849  0.116981  0.458207   0.493578  -0.081617   1.000000   \nDef_TO        0.116180 -0.200988 -0.107614  -0.056868   0.007369  -0.112073   \nExp_Offense   0.396360 -0.454345  0.097438   0.033440   0.151510  -0.174876   \nExp_Defense   0.174228 -0.058129 -0.713713  -0.740671  -0.592357  -0.396200   \nExp_SpecTms  -0.223407 -0.047513  0.327995   0.349878   0.256197   0.223651   \nWin          -0.000819 -0.022283  0.009342   0.047231   0.009598   0.068797   \nLoss         -0.001059 -0.006535  0.121317   0.132174   0.089898   0.095127   \nTie                NaN       NaN       NaN        NaN        NaN        NaN   \n\n               Def_TO  Exp_Offense  Exp_Defense  Exp_SpecTms       Win  \\\nWeek        -0.011966     0.025069    -0.017433    -0.001813  0.821530   \nScore_Tm     0.301536     0.798461     0.144943    -0.159050 -0.147436   \nScore_Opp   -0.317035    -0.145125    -0.798232     0.159740  0.038434   \nOff_1stD    -0.029179     0.712444    -0.099961    -0.325314 -0.160845   \nOff_TotYd    0.017993     0.740967    -0.034543    -0.348865 -0.118708   \nOff_PassY   -0.054450     0.592992    -0.152159    -0.255422 -0.135502   \nOff_RushY    0.116180     0.396360     0.174228    -0.223407 -0.000819   \nOff_TO      -0.200988    -0.454345    -0.058129    -0.047513 -0.022283   \nDef_1stD    -0.107614     0.097438    -0.713713     0.327995  0.009342   \nDef_TotYd   -0.056868     0.033440    -0.740671     0.349878  0.047231   \nDef_PassY    0.007369     0.151510    -0.592357     0.256197  0.009598   \nDef_RushY   -0.112073    -0.174876    -0.396200     0.223651  0.068797   \nDef_TO       1.000000     0.056967     0.455104     0.047111 -0.069470   \nExp_Offense  0.056967     1.000000    -0.096482    -0.297462 -0.109515   \nExp_Defense  0.455104    -0.096482     1.000000    -0.298209 -0.071791   \nExp_SpecTms  0.047111    -0.297462    -0.298209     1.000000  0.054388   \nWin         -0.069470    -0.109515    -0.071791     0.054388  1.000000   \nLoss        -0.049730     0.039303    -0.141111     0.043782  0.161569   \nTie               NaN          NaN          NaN          NaN       NaN   \n\n                 Loss  Tie  \nWeek        -0.222133  NaN  \nScore_Tm     0.024728  NaN  \nScore_Opp    0.128947  NaN  \nOff_1stD     0.090246  NaN  \nOff_TotYd    0.041877  NaN  \nOff_PassY    0.048672  NaN  \nOff_RushY   -0.001059  NaN  \nOff_TO      -0.006535  NaN  \nDef_1stD     0.121317  NaN  \nDef_TotYd    0.132174  NaN  \nDef_PassY    0.089898  NaN  \nDef_RushY    0.095127  NaN  \nDef_TO      -0.049730  NaN  \nExp_Offense  0.039303  NaN  \nExp_Defense -0.141111  NaN  \nExp_SpecTms  0.043782  NaN  \nWin          0.161569  NaN  \nLoss         1.000000  NaN  \nTie               NaN  NaN  ",
      "text/html": "<div>\n<style scoped>\n    .dataframe tbody tr th:only-of-type {\n        vertical-align: middle;\n    }\n\n    .dataframe tbody tr th {\n        vertical-align: top;\n    }\n\n    .dataframe thead th {\n        text-align: right;\n    }\n</style>\n<table border=\"1\" class=\"dataframe\">\n  <thead>\n    <tr style=\"text-align: right;\">\n      <th></th>\n      <th>Week</th>\n      <th>Score_Tm</th>\n      <th>Score_Opp</th>\n      <th>Off_1stD</th>\n      <th>Off_TotYd</th>\n      <th>Off_PassY</th>\n      <th>Off_RushY</th>\n      <th>Off_TO</th>\n      <th>Def_1stD</th>\n      <th>Def_TotYd</th>\n      <th>Def_PassY</th>\n      <th>Def_RushY</th>\n      <th>Def_TO</th>\n      <th>Exp_Offense</th>\n      <th>Exp_Defense</th>\n      <th>Exp_SpecTms</th>\n      <th>Win</th>\n      <th>Loss</th>\n      <th>Tie</th>\n    </tr>\n  </thead>\n  <tbody>\n    <tr>\n      <th>Week</th>\n      <td>1.000000</td>\n      <td>-0.003201</td>\n      <td>-0.011901</td>\n      <td>-0.052493</td>\n      <td>0.006127</td>\n      <td>-0.019304</td>\n      <td>0.040891</td>\n      <td>-0.018880</td>\n      <td>-0.053171</td>\n      <td>0.001501</td>\n      <td>-0.016322</td>\n      <td>0.027965</td>\n      <td>-0.011966</td>\n      <td>0.025069</td>\n      <td>-0.017433</td>\n      <td>-0.001813</td>\n      <td>0.821530</td>\n      <td>-0.222133</td>\n      <td>NaN</td>\n    </tr>\n    <tr>\n      <th>Score_Tm</th>\n      <td>-0.003201</td>\n      <td>1.000000</td>\n      <td>-0.068210</td>\n      <td>0.607465</td>\n      <td>0.678739</td>\n      <td>0.513896</td>\n      <td>0.408413</td>\n      <td>-0.316365</td>\n      <td>0.011983</td>\n      <td>-0.009757</td>\n      <td>0.103017</td>\n      <td>-0.176437</td>\n      <td>0.301536</td>\n      <td>0.798461</td>\n      <td>0.144943</td>\n      <td>-0.159050</td>\n      <td>-0.147436</td>\n      <td>0.024728</td>\n      <td>NaN</td>\n    </tr>\n    <tr>\n      <th>Score_Opp</th>\n      <td>-0.011901</td>\n      <td>-0.068210</td>\n      <td>1.000000</td>\n      <td>0.014542</td>\n      <td>-0.008747</td>\n      <td>0.103465</td>\n      <td>-0.175641</td>\n      <td>0.303067</td>\n      <td>0.608404</td>\n      <td>0.678372</td>\n      <td>0.513193</td>\n      <td>0.408205</td>\n      <td>-0.317035</td>\n      <td>-0.145125</td>\n      <td>-0.798232</td>\n      <td>0.159740</td>\n      <td>0.038434</td>\n      <td>0.128947</td>\n      <td>NaN</td>\n    </tr>\n    <tr>\n      <th>Off_1stD</th>\n      <td>-0.052493</td>\n      <td>0.607465</td>\n      <td>0.014542</td>\n      <td>1.000000</td>\n      <td>0.793689</td>\n      <td>0.614931</td>\n      <td>0.455910</td>\n      <td>-0.105559</td>\n      <td>-0.099832</td>\n      <td>-0.088406</td>\n      <td>0.058675</td>\n      <td>-0.247179</td>\n      <td>-0.029179</td>\n      <td>0.712444</td>\n      <td>-0.099961</td>\n      <td>-0.325314</td>\n      <td>-0.160845</td>\n      <td>0.090246</td>\n      <td>NaN</td>\n    </tr>\n    <tr>\n      <th>Off_TotYd</th>\n      <td>0.006127</td>\n      <td>0.678739</td>\n      <td>-0.008747</td>\n      <td>0.793689</td>\n      <td>1.000000</td>\n      <td>0.827127</td>\n      <td>0.493396</td>\n      <td>-0.056276</td>\n      <td>-0.089381</td>\n      <td>-0.045938</td>\n      <td>0.089746</td>\n      <td>-0.219992</td>\n      <td>0.017993</td>\n      <td>0.740967</td>\n      <td>-0.034543</td>\n      <td>-0.348865</td>\n      <td>-0.118708</td>\n      <td>0.041877</td>\n      <td>NaN</td>\n    </tr>\n    <tr>\n      <th>Off_PassY</th>\n      <td>-0.019304</td>\n      <td>0.513896</td>\n      <td>0.103465</td>\n      <td>0.614931</td>\n      <td>0.827127</td>\n      <td>1.000000</td>\n      <td>-0.080741</td>\n      <td>0.007599</td>\n      <td>0.059358</td>\n      <td>0.089814</td>\n      <td>0.166622</td>\n      <td>-0.098412</td>\n      <td>-0.054450</td>\n      <td>0.592992</td>\n      <td>-0.152159</td>\n      <td>-0.255422</td>\n      <td>-0.135502</td>\n      <td>0.048672</td>\n      <td>NaN</td>\n    </tr>\n    <tr>\n      <th>Off_RushY</th>\n      <td>0.040891</td>\n      <td>0.408413</td>\n      <td>-0.175641</td>\n      <td>0.455910</td>\n      <td>0.493396</td>\n      <td>-0.080741</td>\n      <td>1.000000</td>\n      <td>-0.111566</td>\n      <td>-0.250382</td>\n      <td>-0.220472</td>\n      <td>-0.098709</td>\n      <td>-0.237849</td>\n      <td>0.116180</td>\n      <td>0.396360</td>\n      <td>0.174228</td>\n      <td>-0.223407</td>\n      <td>-0.000819</td>\n      <td>-0.001059</td>\n      <td>NaN</td>\n    </tr>\n    <tr>\n      <th>Off_TO</th>\n      <td>-0.018880</td>\n      <td>-0.316365</td>\n      <td>0.303067</td>\n      <td>-0.105559</td>\n      <td>-0.056276</td>\n      <td>0.007599</td>\n      <td>-0.111566</td>\n      <td>1.000000</td>\n      <td>-0.025374</td>\n      <td>0.019748</td>\n      <td>-0.053086</td>\n      <td>0.116981</td>\n      <td>-0.200988</td>\n      <td>-0.454345</td>\n      <td>-0.058129</td>\n      <td>-0.047513</td>\n      <td>-0.022283</td>\n      <td>-0.006535</td>\n      <td>NaN</td>\n    </tr>\n    <tr>\n      <th>Def_1stD</th>\n      <td>-0.053171</td>\n      <td>0.011983</td>\n      <td>0.608404</td>\n      <td>-0.099832</td>\n      <td>-0.089381</td>\n      <td>0.059358</td>\n      <td>-0.250382</td>\n      <td>-0.025374</td>\n      <td>1.000000</td>\n      <td>0.794051</td>\n      <td>0.613395</td>\n      <td>0.458207</td>\n      <td>-0.107614</td>\n      <td>0.097438</td>\n      <td>-0.713713</td>\n      <td>0.327995</td>\n      <td>0.009342</td>\n      <td>0.121317</td>\n      <td>NaN</td>\n    </tr>\n    <tr>\n      <th>Def_TotYd</th>\n      <td>0.001501</td>\n      <td>-0.009757</td>\n      <td>0.678372</td>\n      <td>-0.088406</td>\n      <td>-0.045938</td>\n      <td>0.089814</td>\n      <td>-0.220472</td>\n      <td>0.019748</td>\n      <td>0.794051</td>\n      <td>1.000000</td>\n      <td>0.826516</td>\n      <td>0.493578</td>\n      <td>-0.056868</td>\n      <td>0.033440</td>\n      <td>-0.740671</td>\n      <td>0.349878</td>\n      <td>0.047231</td>\n      <td>0.132174</td>\n      <td>NaN</td>\n    </tr>\n    <tr>\n      <th>Def_PassY</th>\n      <td>-0.016322</td>\n      <td>0.103017</td>\n      <td>0.513193</td>\n      <td>0.058675</td>\n      <td>0.089746</td>\n      <td>0.166622</td>\n      <td>-0.098709</td>\n      <td>-0.053086</td>\n      <td>0.613395</td>\n      <td>0.826516</td>\n      <td>1.000000</td>\n      <td>-0.081617</td>\n      <td>0.007369</td>\n      <td>0.151510</td>\n      <td>-0.592357</td>\n      <td>0.256197</td>\n      <td>0.009598</td>\n      <td>0.089898</td>\n      <td>NaN</td>\n    </tr>\n    <tr>\n      <th>Def_RushY</th>\n      <td>0.027965</td>\n      <td>-0.176437</td>\n      <td>0.408205</td>\n      <td>-0.247179</td>\n      <td>-0.219992</td>\n      <td>-0.098412</td>\n      <td>-0.237849</td>\n      <td>0.116981</td>\n      <td>0.458207</td>\n      <td>0.493578</td>\n      <td>-0.081617</td>\n      <td>1.000000</td>\n      <td>-0.112073</td>\n      <td>-0.174876</td>\n      <td>-0.396200</td>\n      <td>0.223651</td>\n      <td>0.068797</td>\n      <td>0.095127</td>\n      <td>NaN</td>\n    </tr>\n    <tr>\n      <th>Def_TO</th>\n      <td>-0.011966</td>\n      <td>0.301536</td>\n      <td>-0.317035</td>\n      <td>-0.029179</td>\n      <td>0.017993</td>\n      <td>-0.054450</td>\n      <td>0.116180</td>\n      <td>-0.200988</td>\n      <td>-0.107614</td>\n      <td>-0.056868</td>\n      <td>0.007369</td>\n      <td>-0.112073</td>\n      <td>1.000000</td>\n      <td>0.056967</td>\n      <td>0.455104</td>\n      <td>0.047111</td>\n      <td>-0.069470</td>\n      <td>-0.049730</td>\n      <td>NaN</td>\n    </tr>\n    <tr>\n      <th>Exp_Offense</th>\n      <td>0.025069</td>\n      <td>0.798461</td>\n      <td>-0.145125</td>\n      <td>0.712444</td>\n      <td>0.740967</td>\n      <td>0.592992</td>\n      <td>0.396360</td>\n      <td>-0.454345</td>\n      <td>0.097438</td>\n      <td>0.033440</td>\n      <td>0.151510</td>\n      <td>-0.174876</td>\n      <td>0.056967</td>\n      <td>1.000000</td>\n      <td>-0.096482</td>\n      <td>-0.297462</td>\n      <td>-0.109515</td>\n      <td>0.039303</td>\n      <td>NaN</td>\n    </tr>\n    <tr>\n      <th>Exp_Defense</th>\n      <td>-0.017433</td>\n      <td>0.144943</td>\n      <td>-0.798232</td>\n      <td>-0.099961</td>\n      <td>-0.034543</td>\n      <td>-0.152159</td>\n      <td>0.174228</td>\n      <td>-0.058129</td>\n      <td>-0.713713</td>\n      <td>-0.740671</td>\n      <td>-0.592357</td>\n      <td>-0.396200</td>\n      <td>0.455104</td>\n      <td>-0.096482</td>\n      <td>1.000000</td>\n      <td>-0.298209</td>\n      <td>-0.071791</td>\n      <td>-0.141111</td>\n      <td>NaN</td>\n    </tr>\n    <tr>\n      <th>Exp_SpecTms</th>\n      <td>-0.001813</td>\n      <td>-0.159050</td>\n      <td>0.159740</td>\n      <td>-0.325314</td>\n      <td>-0.348865</td>\n      <td>-0.255422</td>\n      <td>-0.223407</td>\n      <td>-0.047513</td>\n      <td>0.327995</td>\n      <td>0.349878</td>\n      <td>0.256197</td>\n      <td>0.223651</td>\n      <td>0.047111</td>\n      <td>-0.297462</td>\n      <td>-0.298209</td>\n      <td>1.000000</td>\n      <td>0.054388</td>\n      <td>0.043782</td>\n      <td>NaN</td>\n    </tr>\n    <tr>\n      <th>Win</th>\n      <td>0.821530</td>\n      <td>-0.147436</td>\n      <td>0.038434</td>\n      <td>-0.160845</td>\n      <td>-0.118708</td>\n      <td>-0.135502</td>\n      <td>-0.000819</td>\n      <td>-0.022283</td>\n      <td>0.009342</td>\n      <td>0.047231</td>\n      <td>0.009598</td>\n      <td>0.068797</td>\n      <td>-0.069470</td>\n      <td>-0.109515</td>\n      <td>-0.071791</td>\n      <td>0.054388</td>\n      <td>1.000000</td>\n      <td>0.161569</td>\n      <td>NaN</td>\n    </tr>\n    <tr>\n      <th>Loss</th>\n      <td>-0.222133</td>\n      <td>0.024728</td>\n      <td>0.128947</td>\n      <td>0.090246</td>\n      <td>0.041877</td>\n      <td>0.048672</td>\n      <td>-0.001059</td>\n      <td>-0.006535</td>\n      <td>0.121317</td>\n      <td>0.132174</td>\n      <td>0.089898</td>\n      <td>0.095127</td>\n      <td>-0.049730</td>\n      <td>0.039303</td>\n      <td>-0.141111</td>\n      <td>0.043782</td>\n      <td>0.161569</td>\n      <td>1.000000</td>\n      <td>NaN</td>\n    </tr>\n    <tr>\n      <th>Tie</th>\n      <td>NaN</td>\n      <td>NaN</td>\n      <td>NaN</td>\n      <td>NaN</td>\n      <td>NaN</td>\n      <td>NaN</td>\n      <td>NaN</td>\n      <td>NaN</td>\n      <td>NaN</td>\n      <td>NaN</td>\n      <td>NaN</td>\n      <td>NaN</td>\n      <td>NaN</td>\n      <td>NaN</td>\n      <td>NaN</td>\n      <td>NaN</td>\n      <td>NaN</td>\n      <td>NaN</td>\n      <td>NaN</td>\n    </tr>\n  </tbody>\n</table>\n</div>"
     },
     "execution_count": 18,
     "metadata": {},
     "output_type": "execute_result"
    }
   ],
   "source": [
    "corr3 = data3.corr()\n",
    "corr3"
   ],
   "metadata": {
    "collapsed": false,
    "ExecuteTime": {
     "end_time": "2024-02-16T19:11:29.621423800Z",
     "start_time": "2024-02-16T19:11:29.472986100Z"
    }
   },
   "id": "11ef81432042ffe3"
  },
  {
   "cell_type": "code",
   "execution_count": 19,
   "outputs": [
    {
     "data": {
      "text/plain": "<Figure size 1200x1000 with 2 Axes>",
